0	2000	1	1	0
0.1	161738	0.988566	1.00175	0.00333094
0.55	874266	0.939489	1.00833	0.0182535
2.53666	3.90014e+06	0.764864	1.01678	0.0822585
4.52332	6.73964e+06	0.646888	1.00177	0.142036
6.50998	9.40424e+06	0.571472	0.973816	0.196703
8.49664	1.19047e+07	0.527197	0.940155	0.245992
10.4833	1.42512e+07	0.505215	0.905584	0.290036
12.6178	1.66115e+07	0.498945	0.87085	0.331939
14.8809	1.8944e+07	0.505645	0.839065	0.370916
17.3259	2.12811e+07	0.523117	0.811963	0.40765
20.0293	2.36611e+07	0.55061	0.791334	0.442986
23.1077	2.6132e+07	0.58913	0.779613	0.478077
26.8131	2.88008e+07	0.643478	0.781121	0.515355
32.1712	3.2141e+07	0.737013	0.810892	0.564443
37.8195	3.50941e+07	0.858246	0.875221	0.616011
41.3738	3.66966e+07	0.949302	0.932922	0.650964
45.6276	3.83896e+07	1.07656	1.0204	0.697495
49.4354	3.97215e+07	1.21039	1.11719	0.745133
53.2432	4.09007e+07	1.3664	1.23343	0.800036
57.0509	4.19445e+07	1.54833	1.37158	0.863839
60.8587	4.28686e+07	1.76052	1.53474	0.938322
64.6664	4.36867e+07	2.00801	1.7266	1.02547
68.4742	4.4411e+07	2.2967	1.95161	1.12752
72.282	4.50521e+07	2.63349	2.21503	1.24703
76.0897	4.56197e+07	3.02642	2.52305	1.38696
79.8975	4.61222e+07	3.48492	2.88297	1.55074
83.8444	4.65823e+07	4.04117	3.31997	1.74991
87.7913	4.69878e+07	4.69413	3.83317	1.98414
91.7382	4.73452e+07	5.46074	4.43576	2.25951
95.9006	4.76763e+07	6.41436	5.1853	2.60234
100.063	4.79661e+07	7.54421	6.07319	3.00871
104.406	4.823e+07	8.94668	7.17504	3.5132
108.75	4.84597e+07	10.6213	8.49024	4.11549
113.322	4.86693e+07	12.7367	10.1512	4.87611
117.895	4.88504e+07	15.2873	12.153	5.79271
122.671	4.90134e+07	18.5134	14.6843	6.95145
127.447	4.91532e+07	22.4367	17.7615	8.35968
132.223	4.92732e+07	27.2084	21.5031	10.0713
137.244	4.9381e+07	33.3415	26.311	12.2699
142.265	4.94729e+07	40.8778	32.2174	14.9698
147.286	4.95511e+07	50.1391	39.4741	18.2858
152.551	4.96207e+07	62.1376	48.8738	22.5794
157.816	4.96794e+07	77.0335	60.5414	27.9072
163.082	4.97291e+07	95.5277	75.0253	34.5191
168.574	4.97726e+07	119.597	93.8729	43.1206
174.066	4.98092e+07	149.764	117.493	53.8974
179.559	4.98398e+07	187.575	147.095	67.4007
185.244	4.98663e+07	236.84	185.661	84.99
190.93	4.98883e+07	299.086	234.386	107.209
196.616	4.99066e+07	377.734	295.946	135.277
202.302	4.99218e+07	477.109	373.728	170.737
207.987	4.99344e+07	602.676	472.005	215.536
213.896	4.99451e+07	768.347	601.667	274.637
219.805	4.99538e+07	979.615	767.013	349.998
225.713	4.99608e+07	1249.03	977.863	446.094
231.622	4.99664e+07	1592.6	1246.74	568.633
237.53	4.99707e+07	2030.72	1589.63	724.894
243.439	4.99738e+07	2589.43	2026.88	924.158
249.348	4.99758e+07	3301.88	2584.47	1178.26
255.256	4.99768e+07	4210.38	3295.51	1502.3
261.165	4.99768e+07	5368.82	4202.21	1915.5
267.073	4.99756e+07	6845.92	5358.37	2442.42
272.982	4.99733e+07	8729.21	6832.57	3114.32
278.891	4.99695e+07	11130.2	8712.21	3971.07
284.799	4.99641e+07	14191.1	11108.6	5063.49
290.708	4.99567e+07	18092.5	14163.7	6456.34
296.616	4.99469e+07	23064.7	18058	8232.11
302.525	4.9934e+07	29400.4	23021.3	10495.9
308.434	4.99172e+07	37471.3	29346.1	13381.4
314.342	4.98956e+07	47749.6	37404	17059.1
320.251	4.9868e+07	60833.7	47666.8	21745.3
326.159	4.98326e+07	77481.2	60733.2	27715.3
332.068	4.97875e+07	98648.7	77361.3	35318.6
337.977	4.97299e+07	125541	98509.3	44998.3
343.885	4.96568e+07	159672	125386	57315.4
349.794	4.95639e+07	202930	159509	72979.1
354.906	4.94637e+07	249514	196330	89912.9
360.017	4.93407e+07	306525	241499	110732
365.129	4.91903e+07	376163	296831	136303
370.241	4.90064e+07	461022	364497	167678
375.352	4.87824e+07	564127	447072	206122
379.911	4.85421e+07	674278	535733	247592
384.469	4.8257e+07	804462	641121	297149
389.028	4.79198e+07	957696	766021	356259
393.586	4.75225e+07	1.13719e+06	913530	426603
398.144	4.70565e+07	1.34623e+06	1.08702e+06	510095
402.126	4.65863e+07	1.55553e+06	1.26261e+06	595454
406.107	4.60509e+07	1.79179e+06	1.46319e+06	694047
410.089	4.54445e+07	2.05665e+06	1.69118e+06	807559
414.07	4.47621e+07	2.35121e+06	1.94883e+06	937767
418.052	4.39995e+07	2.67585e+06	2.23811e+06	1.0865e+06
422.034	4.31539e+07	3.02998e+06	2.5605e+06	1.25558e+06
426.015	4.22246e+07	3.41181e+06	2.91679e+06	1.44676e+06
429.525	4.13374e+07	3.76885e+06	3.25887e+06	1.63487e+06
433.034	4.03894e+07	4.14183e+06	3.62642e+06	1.84229e+06
436.544	3.93857e+07	4.52669e+06	4.01785e+06	2.06972e+06
440.053	3.83332e+07	4.91849e+06	4.43071e+06	2.31753e+06
443.562	3.72409e+07	5.31158e+06	4.86168e+06	2.58576e+06
447.072	3.61196e+07	5.69977e+06	5.30655e+06	2.87401e+06
450.581	3.49815e+07	6.07667e+06	5.76034e+06	3.18142e+06
454.091	3.384e+07	6.43597e+06	6.21739e+06	3.50662e+06
457.6	3.27087e+07	6.77184e+06	6.67163e+06	3.84776e+06
461.11	3.16015e+07	7.07925e+06	7.11682e+06	4.20246e+06
464.619	3.0531e+07	7.35424e+06	7.54681e+06	4.56795e+06
468.129	2.95089e+07	7.59417e+06	7.95584e+06	4.94106e+06
471.638	2.8545e+07	7.79772e+06	8.33885e+06	5.31837e+06
475.148	2.76471e+07	7.96495e+06	8.69164e+06	5.69632e+06
478.657	2.68205e+07	8.09712e+06	9.01105e+06	6.07129e+06
482.366	2.60282e+07	8.2012e+06	9.3101e+06	6.46048e+06
486.075	2.53206e+07	8.27223e+06	9.56856e+06	6.83857e+06
489.997	2.46635e+07	8.31603e+06	9.798e+06	7.22244e+06
494.055	2.40786e+07	8.33296e+06	9.98971e+06	7.59868e+06
498.292	2.35648e+07	8.326e+06	1.01437e+07	7.96548e+06
502.747	2.31223e+07	8.29814e+06	1.02597e+07	8.31982e+06
507.482	2.27503e+07	8.25237e+06	1.03383e+07	8.65906e+06
512.572	2.24482e+07	8.19159e+06	1.03801e+07	8.98009e+06
518.129	2.22158e+07	8.11855e+06	1.0386e+07	9.27964e+06
524.33	2.20531e+07	8.03568e+06	1.03569e+07	9.55433e+06
531.499	2.19615e+07	7.94474e+06	1.02931e+07	9.80068e+06
540.408	2.19476e+07	7.84543e+06	1.01913e+07	1.00157e+07
550.159	2.20088e+07	7.75774e+06	1.00742e+07	1.01593e+07
560.493	2.21149e+07	7.68853e+06	9.96096e+06	1.02356e+07
570.297	2.22257e+07	7.64266e+06	9.87187e+06	1.02598e+07
580.468	2.23331e+07	7.61154e+06	9.80043e+06	1.02549e+07
590.639	2.2424e+07	7.59319e+06	9.74899e+06	1.02338e+07
601.201	2.24976e+07	7.58373e+06	9.71342e+06	1.02052e+07
612.631	2.25542e+07	7.58069e+06	9.69076e+06	1.01744e+07
625.351	2.25935e+07	7.58227e+06	9.67906e+06	1.01452e+07
640.044	2.26162e+07	7.58683e+06	9.67624e+06	1.01207e+07
656.544	2.26237e+07	7.59231e+06	9.67956e+06	1.01044e+07
674.613	2.26215e+07	7.5969e+06	9.68524e+06	1.00964e+07
694.993	2.26153e+07	7.59988e+06	9.69056e+06	1.00943e+07
708.149	2.26116e+07	7.60084e+06	9.69283e+06	1.00948e+07
724.338	2.26082e+07	7.60133e+06	9.69449e+06	1.0096e+07
744.998	2.26058e+07	7.60137e+06	9.69535e+06	1.00974e+07
760.106	2.26051e+07	7.60125e+06	9.69547e+06	1.00982e+07
777.43	2.26048e+07	7.60108e+06	9.69539e+06	1.00987e+07
796.98	2.26049e+07	7.60094e+06	9.69522e+06	1.0099e+07
812.075	2.2605e+07	7.60087e+06	9.6951e+06	1.0099e+07
828.844	2.26051e+07	7.60083e+06	9.69501e+06	1.0099e+07
847.922	2.26053e+07	7.60081e+06	9.69495e+06	1.0099e+07
864.405	2.26053e+07	7.60081e+06	9.69493e+06	1.00989e+07
881.59	2.26053e+07	7.60082e+06	9.69493e+06	1.00989e+07
899.462	2.26054e+07	7.60082e+06	9.69493e+06	1.00989e+07
917.333	2.26053e+07	7.60082e+06	9.69494e+06	1.00989e+07
933.161	2.26053e+07	7.60083e+06	9.69494e+06	1.00989e+07
948.988	2.26053e+07	7.60083e+06	9.69494e+06	1.00989e+07
966.839	2.26053e+07	7.60083e+06	9.69494e+06	1.00989e+07
986.046	2.26053e+07	7.60083e+06	9.69494e+06	1.00989e+07
1000	2.26053e+07	7.60083e+06	9.69494e+06	1.00989e+07
